1.000000000000000000e+00 2.000000000000233813e-01 2.000000000000138889e-01 2.000000000000048683e-01 1.999999999999962919e-01 1.999999999999955425e-01 1.645223727959738980e-01 5.341377226643235776e-01 4.340724744027732451e-01 4.656846875540350816e-01 2.162952425046277549e-01 3.838872929074462204e-01 1.653099527644059374e-01 4.282337926823746033e-01 2.970556168383220452e-01 9.180490280915973855e-01 3.005406935177270533e-01 1.819776032147820966e-01 1.748699916398595566e-01
2.000000000000233813e-01 1.000000000000000000e+00 2.000000000000148603e-01 2.000000000000057843e-01 1.999999999999971800e-01 1.999999999999964029e-01 3.358350628066910093e-01 5.509036624029904905e-01 2.900139950177464954e-01 1.615179534170670395e-01 5.999470545341718530e-01 1.052646259441315235e-01 8.098495886851433401e-01 1.138997205060935658e-01 2.980835373160031776e-01 3.257462169653915218e-01 7.516544871098342906e-01 1.836975818686772954e-01 1.859167836708202626e-01
2.000000000000138889e-01 2.000000000000148603e-01 1.000000000000000000e+00 2.000000000000053402e-01 1.999999999999966804e-01 1.999999999999959588e-01 3.067518082432160731e-01 1.365552579397615596e-01 6.417882723502598141e-01 1.200547430451742170e-01 2.723109676310631055e-01 6.067611530978832546e-01 4.150104630295056024e-02 5.931846422320049550e-01 7.446358561594658143e-01 1.005298490632073327e-01 3.091838770458582575e-01 9.063117463481643599e-01 1.764141968546283357e-01
2.000000000000048683e-01 2.000000000000057843e-01 2.000000000000053402e-01 1.000000000000000000e+00 1.999999999999958200e-01 1.999999999999950706e-01 7.403916078736442197e-01 3.380704296257380781e-02 1.395931106370117136e-01 8.100586270703808989e-01 5.993082459270355350e-02 5.761327023929985192e-01 3.624247142759806084e-01 5.166440544910652077e-01 5.280438230463538885e-01 2.263245197041805490e-01 3.065536502452467782e-01 1.802392729872629440e-01 1.953326337393355705e-01
1.999999999999962919e-01 1.999999999999971800e-01 1.999999999999966804e-01 1.999999999999958200e-01 1.000000000000000000e+00 1.999999999999936551e-01 4.511246914222910576e-01 7.104441663202647472e-01 2.642901203119091269e-01 3.895007118446851546e-01 1.829373118342430271e-01 5.643517450923399847e-01 5.136493223583553647e-01 5.972961447185375361e-01 7.102712582108161761e-03 9.111176484611414883e-02 3.106032888647774493e-01 1.796995370249960255e-01 9.166737556796210606e-01
1.999999999999955425e-01 1.999999999999964029e-01 1.999999999999959588e-01 1.999999999999950706e-01 1.999999999999936551e-01 1.000000000000000000e+00 4.247060346838491540e-01 2.042349178446680180e-01 6.224268026401262865e-01 3.266994687905676598e-01 7.789692669021478499e-01 4.457137553586948409e-02 2.730354470165280434e-01 2.960096118395665749e-02 3.856498336233337709e-01 3.753963756390934492e-01 1.258543644716686727e-01 1.806977512524459706e-01 1.841401497749875216e-01
1.645223727959738980e-01 3.358350628066910093e-01 3.067518082432160731e-01 7.403916078736442197e-01 4.511246914222910576e-01 4.247060346838491540e-01 1.000000000000000000e+00 2.010120008061228869e-01 6.085962792349525891e-02 4.881599136680835338e-01 4.060763378209811952e-02 2.094019225768159811e-02 4.064719046157351801e-01 6.723865082834397100e-01 2.287970325323870069e-01 2.850635051339825976e-01 2.732299654922756837e-01 2.930534365170414102e-01 4.162563342293443824e-01
5.341377226643235776e-01 5.509036624029904905e-01 1.365552579397615596e-01 3.380704296257380781e-02 7.104441663202647472e-01 2.042349178446680180e-01 2.010120008061228869e-01 1.000000000000000000e+00 1.846864502872986591e-01 1.212408965368342723e-01 1.815459822891708486e-01 5.001939378515130041e-01 5.934058186207757934e-01 1.769154076671832637e-02 4.168022041548214429e-01 3.776609165304392057e-01 7.208253480979784911e-01 1.351759243025337787e-01 6.490894235667136192e-01
4.340724744027732451e-01 2.900139950177464954e-01 6.417882723502598141e-01 1.395931106370117136e-01 2.642901203119091269e-01 6.224268026401262865e-01 6.085962792349525891e-02 1.846864502872986591e-01 1.000000000000000000e+00 2.956181947374099117e-01 8.575877887513965181e-01 1.277600747280374927e-01 1.389939234636060339e-02 2.357337246086206317e-01 2.877838575273064525e-01 1.542314597268347465e-01 6.550863074212250059e-02 5.768083201223526135e-01 2.415036278037513140e-01
4.656846875540350816e-01 1.615179534170670395e-01 1.200547430451742170e-01 8.100586270703808989e-01 3.895007118446851546e-01 3.266994687905676598e-01 4.881599136680835338e-01 1.212408965368342723e-01 2.956181947374099117e-01 1.000000000000000000e+00 3.495930395597202089e-01 4.228756495191068332e-01 4.257787118991650938e-02 6.899704322767553633e-01 1.662240719121830801e-01 5.619789812426024822e-01 3.149115687115776052e-01 1.067237994602483059e-01 3.716382055777612270e-01
2.162952425046277549e-01 5.999470545341718530e-01 2.723109676310631055e-01 5.993082459270355350e-02 1.829373118342430271e-01 7.789692669021478499e-01 4.060763378209811952e-02 1.815459822891708486e-01 8.575877887513965181e-01 3.495930395597202089e-01 1.000000000000000000e+00 3.228888625325701534e-02 1.896822725257577835e-01 1.169135396746287005e-02 1.783207221956956690e-01 5.847170252495091647e-02 2.892300445133817455e-01 2.353804259984853542e-01 1.586208789894263393e-01
3.838872929074462204e-01 1.052646259441315235e-01 6.067611530978832546e-01 5.761327023929985192e-01 5.643517450923399847e-01 4.457137553586948409e-02 2.094019225768159811e-02 5.001939378515130041e-01 1.277600747280374927e-01 4.228756495191068332e-01 3.228888625325701534e-02 1.000000000000000000e+00 4.253439750055756918e-01 1.902676524523377322e-01 5.347623770284741784e-01 4.657631322281562958e-01 2.996760304448777834e-01 5.540244257592844557e-01 5.161507547934180984e-01
1.653099527644059374e-01 8.098495886851433401e-01 4.150104630295056024e-02 3.624247142759806084e-01 5.136493223583553647e-01 2.730354470165280434e-01 4.064719046157351801e-01 5.934058186207757934e-01 1.389939234636060339e-02 4.257787118991650938e-02 1.896822725257577835e-01 4.253439750055756918e-01 1.000000000000000000e+00 6.242133077534133684e-02 5.761049896287671196e-02 3.474281574684589535e-01 6.729640500531387515e-01 5.437276336370407831e-02 4.837058871762463519e-01
4.282337926823746033e-01 1.138997205060935658e-01 5.931846422320049550e-01 5.166440544910652077e-01 5.972961447185375361e-01 2.960096118395665749e-02 6.723865082834397100e-01 1.769154076671832637e-02 2.357337246086206317e-01 6.899704322767553633e-01 1.169135396746287005e-02 1.902676524523377322e-01 6.242133077534133684e-02 1.000000000000000000e+00 2.977054690603175291e-01 3.123395968046810411e-01 2.959646474756504886e-01 5.438505797573642830e-01 5.471376874101888665e-01
2.970556168383220452e-01 2.980835373160031776e-01 7.446358561594658143e-01 5.280438230463538885e-01 7.102712582108161761e-03 3.856498336233337709e-01 2.287970325323870069e-01 4.168022041548214429e-01 2.877838575273064525e-01 1.662240719121830801e-01 1.783207221956956690e-01 5.347623770284741784e-01 5.761049896287671196e-02 2.977054690603175291e-01 1.000000000000000000e+00 1.097751833161518253e-01 3.390491869170551009e-01 6.781404203161143229e-01 1.124585282131533234e-02
9.180490280915973855e-01 3.257462169653915218e-01 1.005298490632073327e-01 2.263245197041805490e-01 9.111176484611414883e-02 3.753963756390934492e-01 2.850635051339825976e-01 3.776609165304392057e-01 1.542314597268347465e-01 5.619789812426024822e-01 5.847170252495091647e-02 4.657631322281562958e-01 3.474281574684589535e-01 3.123395968046810411e-01 1.097751833161518253e-01 1.000000000000000000e+00 1.114590847466507689e-01 1.053900370418304616e-01 7.038541300236929310e-02
3.005406935177270533e-01 7.516544871098342906e-01 3.091838770458582575e-01 3.065536502452467782e-01 3.106032888647774493e-01 1.258543644716686727e-01 2.732299654922756837e-01 7.208253480979784911e-01 6.550863074212250059e-02 3.149115687115776052e-01 2.892300445133817455e-01 2.996760304448777834e-01 6.729640500531387515e-01 2.959646474756504886e-01 3.390491869170551009e-01 1.114590847466507689e-01 1.000000000000000000e+00 2.820821050504999650e-01 2.878210212607340557e-01
1.819776032147820966e-01 1.836975818686772954e-01 9.063117463481643599e-01 1.802392729872629440e-01 1.796995370249960255e-01 1.806977512524459706e-01 2.930534365170414102e-01 1.351759243025337787e-01 5.768083201223526135e-01 1.067237994602483059e-01 2.353804259984853542e-01 5.540244257592844557e-01 5.437276336370407831e-02 5.438505797573642830e-01 6.781404203161143229e-01 1.053900370418304616e-01 2.820821050504999650e-01 1.000000000000000000e+00 1.573915850754035450e-01
1.748699916398595566e-01 1.859167836708202626e-01 1.764141968546283357e-01 1.953326337393355705e-01 9.166737556796210606e-01 1.841401497749875216e-01 4.162563342293443824e-01 6.490894235667136192e-01 2.415036278037513140e-01 3.716382055777612270e-01 1.586208789894263393e-01 5.161507547934180984e-01 4.837058871762463519e-01 5.471376874101888665e-01 1.124585282131533234e-02 7.038541300236929310e-02 2.878210212607340557e-01 1.573915850754035450e-01 1.000000000000000000e+00
